iord | fct | toa | max-1.1 | min-0.1 | L1_err  | L2_err  | cpu [s]  
=====+=====+=====+=========+=========+=========+=========+=========
1    | 0   | 0   | -0.001  | 0.000   | 5.015   | 1.207   | 0.070    
2    | 0   | 0   | 0.028   | -0.008  | 2.862   | 0.902   | 0.180    
2    | 0   | 1   | 0.055   | -0.014  | 2.915   | 0.910   | 0.360    
2    | 1   | 0   | 0.000   | 0.000   | 2.695   | 0.897   | 6.370    
2    | 1   | 1   | 0.000   | 0.000   | 2.710   | 0.899   | 18.740   
3    | 0   | 0   | 0.046   | -0.018  | 2.408   | 0.806   | 0.690    
3    | 0   | 1   | 0.089   | -0.028  | 2.528   | 0.829   | 1.540    
3    | 1   | 0   | 0.000   | 0.000   | 2.131   | 0.791   | 16.250   
3    | 1   | 1   | 0.000   | 0.000   | 2.169   | 0.798   | 43.770   
4    | 0   | 0   | 0.051   | -0.028  | 2.304   | 0.773   | 1.460    
4    | 0   | 1   | 0.101   | -0.034  | 2.432   | 0.804   | 3.470    
4    | 1   | 0   | 0.000   | 0.000   | 1.954   | 0.755   | 34.300   
4    | 1   | 1   | 0.000   | 0.000   | 2.007   | 0.763   | 101.490  
